0.3000
0.7770
0.6411
0.8513
0.4683
0.9213
0.2683
0.7264
0.7353
0.7201
0.7457
0.7017
0.7745
0.6461
0.8460
0.4821
0.9238
0.2604
0.7126
0.7577
0.6792
0.8062
0.5781
0.9024
0.3258
0.8127
0.5632
0.9102
0.3023
0.7804
0.6340
0.8585
0.4494
0.9155
0.2861
0.7558
0.6830
0.8011
0.5894
0.8954
0.3465
0.8379
0.5026
0.9250
0.2568
0.7061
0.7678
0.6596
0.8308
0.5202
0.9235
0.2614
0.7144
0.7549
0.6846
0.7990
0.5943
0.8921
0.3561
0.8484
0.4758
0.9228
0.2635
0.7180
0.7491
0.6953
0.7838
0.6269
0.8654
0.4310
0.9074
0.3110
0.7928
0.6078
0.8820
0.3852
0.8762
0.4013
0.8889
0.3653
0.8578
0.4512
0.9162
0.2841
0.7525
0.6891
0.7927
0.6080
0.8819
0.3855
0.8765
0.4006
0.8884
0.3667
0.8593
0.4474
0.9148
0.2885
0.7595
0.6759
0.8105
0.5682
0.9078
0.3097
0.7911
0.6115
0.8790
0.3936
0.8831
0.3819
0.8734
0.4091
0.8944
0.3494
0.8411
0.4945
0.9249
0.2570
0.7066
0.7671
0.6611
0.8290
0.5245
0.9228
0.2637
0.7183
0.7487
0.6962
0.7825
0.6297
0.8628
0.4381
0.9108
0.3006
0.7778
0.6394
0.8531
0.4636
0.9201
0.2720
0.7327
0.7247
0.7382
0.7151
0.7538
0.6867
0.7960
0.6008
0.8874
0.3697
0.8622
0.4396
0.9115
0.2985
0.7748
0.6456
0.8466
0.4805
0.9236
0.2611
0.7138
0.7558
0.6829
0.8013
0.5892
0.8956
0.3461
0.8373
0.5039
0.9249
0.2569
0.7063
0.7676
0.6601
0.8301
0.5218
0.9232
0.2622
0.7157
0.7528
0.6886
0.7934
0.6064
0.8831
0.3819
0.8734
0.4091
0.8944
0.3494
0.8411
0.4945
0.9249
0.2570
0.7066
0.7671
0.6610
0.8290
0.5244
0.9228
0.2636
0.7182
0.7488
0.6959
0.7830
0.6287
0.8637
0.4356
0.9097
0.3041
0.7830
0.6287
0.8637
0.4356
0.9097
0.3040
0.7829
0.6288
0.8636
0.4359
0.9098
0.3037
0.7824
0.6298
0.8626
0.4385
0.9110
0.3000
0.7770
0.6410
0.8514
0.4681
0.9212
0.2684
0.7266
0.7350
0.7207
0.7448
0.7033
0.7721
0.6510
0.8406
0.4957
0.9249
0.2569
0.7063
0.7675
0.6603
0.8299
0.5223
0.9232
0.2625
0.7163
0.7520
0.6901
0.7913
0.6111
0.8794
0.3925
0.8822
0.3844
0.8755
0.4032
0.8903
0.3613
0.8538
0.4617
0.9196
0.2736
0.7354
0.7200
0.7459
0.7012
0.7752
0.6448
0.8475
0.4783
0.9233
0.2622
0.7157
0.7529
0.6884
0.7936
0.6060
0.8835
0.3809
0.8726
0.4115
0.8960
0.3448
0.8359
0.5076
0.9248
0.2574
0.7072
0.7662
0.6628
0.8270
0.5295
0.9218
0.2667
0.7237
0.7398
0.7121
0.7585
0.6778
0.8080
0.5739
0.9048
0.3188
0.8035
0.5842
0.8988
0.3366
0.8262
0.5314
0.9214
0.2681
0.7260
0.7360
0.7188
0.7478
0.6978
0.7802
0.6345
0.8581
0.4505
0.9160
0.2848
0.7537
0.6868
0.7959
0.6011
0.8872
0.3703
0.8628
0.4380
0.9108
0.3007
0.7780
0.6390
0.8535
0.4627
0.9199
0.2728
0.7340
0.7225
0.7419
0.7085
0.7641
0.6670
0.8219
0.5417
0.9186
0.2768
0.7406
0.7108
0.7607
0.6736
0.8135
0.5615
0.9110
0.2999
0.7769
0.6414
0.8510
0.4690
0.9215
0.2678
0.7255
0.7368
0.7175
0.7500
0.6937
0.7862
0.6219
0.8700
0.4184
0.9004
0.3319
0.8204
0.5451
0.9175
0.2801
0.7462
0.7008
0.7758
0.6436
0.8487
0.4750
0.9227
0.2639
0.7188
0.7479
0.6976
0.7805
0.6339
0.8586
0.4492
0.9154
0.2864
0.7562
0.6821
0.8023
0.5869
0.8971
0.3416
0.8322
0.5167
0.9240
0.2599
0.7117
0.7591
0.6766
0.8096
0.5702
0.9067
0.3129
0.7954
0.6021
0.8865
0.3724
0.8648
0.4327
0.9083
0.3083
0.7891
0.6158
0.8753
0.4037
0.8907
0.3602
0.8527
0.4648
0.9204
0.2710
0.7310
0.7276
0.7334
0.7234
0.7403
0.7113
0.7597
0.6754
0.8112
0.5667
0.9085
0.3074
0.7878
0.6185
0.8731
0.4101
0.8951
0.3475
0.8389
0.5000
0.9250
0.2567
0.7060
0.7681
0.6591
0.8313
0.5189
0.9237
0.2608
0.7134
0.7565
0.6815
0.8031
0.5850
0.8982
0.3382
0.8281
0.5266
0.9224
0.2649
0.7205
0.7450
0.7028
0.7728
0.6496
0.8421
0.4919
0.9248
0.2575
0.7073
0.7659
0.6633
0.8263
0.5310
0.9214
0.2678
0.7256
0.7367
0.7176
0.7498
0.6942
0.7855
0.6235
0.8686
0.4223
0.9027
0.3251
0.8118
0.5652
0.9093
0.3053
0.7847
0.6250
0.8671
0.4263
0.9049
0.3185
0.8031
0.5851
0.8982
0.3384
0.8283
0.5262
0.9225
0.2646
0.7200
0.7459
0.7013
0.7750
0.6451
0.8471
0.4792
0.9234
0.2617
0.7149
0.7541
0.6861
0.7969
0.5989
0.8888
0.3657
0.8582
0.4502
0.9158
0.2852
0.7543
0.6857
0.7974
0.5977
0.8897
0.3630
0.8556
0.4571
0.9182
0.2779
0.7425
0.7075
0.7658
0.6637
0.8259
0.5321
0.9212
0.2686
0.7269
0.7345
0.7215
0.7434
0.7057
0.7684
0.6585
0.8321
0.5170
0.9239
0.2601
0.7120
0.7588
0.6773
0.8087
0.5723
0.9056
0.3162
0.8000
0.5920
0.8937
0.3516
0.8435
0.4883
0.9245
0.2583
0.7088
0.7637
0.6677
0.8209
0.5440
0.9178
0.2790
0.7443
0.7041
0.7709
0.6535
0.8378
0.5028
0.9250
0.2568
0.7061
0.7678
0.6597
0.8307
0.5204
0.9235
0.2615
0.7146
0.7546
0.6851
0.7983
0.5958
0.8910
0.3593
0.8518
0.4672
0.9210
0.2692
0.7279
0.7329
0.7243
0.7389
0.7139
0.7557
0.6831
0.8010
0.5897
0.8952
0.3471
0.8385
0.5010
0.9250
0.2567
0.7060
0.7680
0.6592
0.8312
0.5191
0.9237
0.2609
0.7135
0.7563
0.6819
0.8025
0.5863
0.8974
0.3406
0.8310
0.5197
0.9236
0.2612
0.7140
0.7555
0.6834
0.8006
0.5907
0.8945
0.3490
0.8407
0.4956
0.9249
0.2569
0.7064
0.7674
0.6604
0.8298
0.5224
0.9231
0.2625
0.7164
0.7518
0.6904
0.7908
0.6120
0.8786
0.3947
0.8840
0.3795
0.8713
0.4150
0.8983
0.3381
0.8280
0.5269
0.9223
0.2651
0.7208
0.7445
0.7037
0.7714
0.6524
0.8391
0.4997
0.9250
0.2567
0.7060
0.7680
0.6592
0.8313
0.5189
0.9237
0.2609
0.7134
0.7565
0.6815
0.8031
0.5852
0.8982
0.3385
0.8284
0.5259
0.9225
0.2645
0.7197
0.7464
0.7004
0.7764
0.6423
0.8501
0.4715
0.9220
0.2661
0.7226
0.7416
0.7090
0.7633
0.6684
0.8201
0.5459
0.9172
0.2810
0.7476
0.6982
0.7796
0.6357
0.8569
0.4537
0.9171
0.2814
0.7482
0.6971
0.7812
0.6324
0.8601
0.4452
0.9139
0.2912
0.7637
0.6678
0.8209
0.5441
0.9178
0.2791
0.7445
0.7039
0.7712
0.6529
0.8385
0.5010
0.9250
0.2567
0.7060
0.7680
0.6592
0.8312
0.5191
0.9237
0.2609
0.7135
0.7563
0.6819
0.8026
0.5863
0.8975
0.3405
0.8308
0.5200
0.9235
0.2613
0.7143
0.7552
0.6841
0.7996
0.5929
0.8930
0.3534
0.8455
0.4834
0.9240
0.2599
0.7117
0.7592
0.6765
0.8098
0.5700
0.9069
0.3124
0.7948
0.6034
0.8854
0.3753
0.8675
0.4254
0.9044
0.3199
0.8049
0.5810
0.9007
0.3308
0.8191
0.5483
0.9164
0.2836
0.7517
0.6906
0.7905
0.6127
0.8780
0.3963
0.8852
0.3759
0.8680
0.4240
0.9036
0.3222
0.8081
0.5738
0.9049
0.3186
0.8032
0.5849
0.8983
0.3379
0.8278
0.5275
0.9222
0.2655
0.7215
0.7436
0.7055
0.7687
0.6578
0.8328
0.5152
0.9241
0.2594
0.7107
0.7607
0.6736
0.8135
0.5613
0.9111
0.2997
0.7766
0.6419
0.8505
0.4706
0.9218
0.2667
0.7237
0.7399
0.7121
0.7586
0.6775
0.8084
0.5731
0.9052
0.3175
0.8017
0.5881
0.8963
0.3440
0.8349
0.5100
0.9246
0.2578
0.7080
0.7649
0.6654
0.8237
0.5372
0.9199
0.2727
0.7338
0.7227
0.7415
0.7092
0.7631
0.6689
0.8194
0.5475
0.9167
0.2827
0.7503
0.6933
0.7868
0.6207
0.8711
0.4153
0.8985
0.3375
0.8273
0.5287
0.9220
0.2662
0.7228
0.7413
0.7095
0.7625
0.6700
0.8181
0.5506
0.9155
0.2862
0.7558
0.6829
0.8012
0.5893
0.8955
0.3462
0.8375
0.5035
0.9250
0.2568
0.7062
0.7677
0.6599
0.8304
0.5211
0.9234
0.2619
0.7152
0.7537
0.6869
0.7958
0.6013
0.8870
0.3708
0.8633
0.4367
0.9102
0.3024
0.7806
0.6337
0.8589
0.4485
0.9152
0.2872
0.7574
0.6798
0.8054
0.5799
0.9014
0.3289
0.8167
0.5540
0.9142
0.2902
0.7621
0.6708
0.8171
0.5530
0.9146
0.2890
0.7602
0.6744
0.8125
0.5638
0.9100
0.3032
0.7817
0.6315
0.8611
0.4426
0.9128
0.2944
0.7686
0.6580
0.8326
0.5156
0.9241
0.2595
0.7110
0.7602
0.6745
0.8123
0.5640
0.9098
0.3035
0.7822
0.6303
0.8621
0.4397
0.9116
0.2983
0.7744
0.6464
0.8457
0.4827
0.9239
0.2602
0.7122
0.7584
0.6779
0.8079
0.5742
0.9046
0.3192
0.8041
0.5829
0.8996
0.3342
0.8233
0.5382
0.9196
0.2736
0.7353
0.7201
0.7458
0.7015
0.7748
0.6457
0.8465
0.4808
0.9236
0.2610
0.7136
0.7562
0.6822
0.8021
0.5872
0.8969
0.3423
0.8329
0.5148
0.9242
0.2592
0.7105
0.7610
0.6730
0.8143
0.5595
0.9119
0.2973
0.7729
0.6494
0.8424
0.4912
0.9247
0.2576
0.7076
0.7656
0.6640
0.8255
0.5331
0.9209
0.2694
0.7282
0.7323
0.7253
0.7372
0.7169
0.7510
0.6919
0.7888
0.6165
0.8748
0.4053
0.8918
0.3570
0.8493
0.4736
0.9224
0.2648
0.7203
0.7454
0.7022
0.7738
0.6477
0.8443
0.4864
0.9243
0.2588
0.7098
0.7621
0.6708
0.8170
0.5531
0.9146
0.2891
0.7605
0.6740
0.8130
0.5625
0.9106
0.3013
0.7790
0.6371
0.8555
0.4575
0.9183
0.2776
0.7419
0.7084
0.7643
0.6666
0.8223
0.5406
0.9189
0.2757
0.7389
0.7138
0.7559
0.6828
0.8014
0.5889
0.8957
0.3456
0.8368
0.5054
0.9249
0.2570
0.7066
0.7671
0.6610
0.8291
0.5242
0.9228
0.2635
0.7180
0.7491
0.6954
0.7837
0.6272
0.8651
0.4317
0.9077
0.3099
0.7912
0.6112
0.8793
0.3927
0.8824
0.3839
0.8751
0.4043
0.8911
0.3590
0.8514
0.4681
0.9212
0.2685
0.7267
0.7349
0.7209
0.7445
0.7038
0.7713
0.6526
0.8389
0.5001
0.9250
0.2567
0.7060
0.7681
0.6591
0.8313
0.5189
0.9237
0.2608
0.7134
0.7565
0.6815
0.8031
0.5851
0.8982
0.3382
0.8282
0.5266
0.9224
0.2649
0.7205
0.7452
0.7026
0.7731
0.6490
0.8429
0.4900
0.9246
0.2579
0.7081
0.7648
0.6655
0.8237
0.5374
0.9198
0.2729
0.7341
0.7222
0.7424
0.7077
0.7655
0.6643
0.8252
0.5338
0.9208
0.2699
0.7291
0.7308
0.7279
0.7328
0.7245
0.7385
0.7146
0.7546
0.6851
0.7983
0.5959
0.8910
0.3593
0.8518
0.4671
0.9210
0.2692
0.7279
0.7328
0.7245
0.7385
0.7145
0.7547
0.6849
0.7985
0.5954
0.8913
0.3584
0.8508
0.4697
0.9216
0.2673
0.7247
0.7383
0.7150
0.7540
0.6862
0.7967
0.5993
0.8885
0.3665
0.8591
0.4480
0.9150
0.2878
0.7584
0.6780
0.8077
0.5746
0.9044
0.3199
0.8050
0.5809
0.9008
0.3307
0.8189
0.5487
0.9162
0.2840
0.7524
0.6892
0.7925
0.6084
0.8815
0.3864
0.8772
0.3985
0.8869
0.3713
0.8637
0.4356
0.9097
0.3041
0.7830
0.6287
0.8637
0.4355
0.9096
0.3042
0.7831
0.6285
0.8639
0.4350
0.9093
0.3050
0.7843
0.6259
0.8663
0.4285
0.9061
0.3149
0.7982
0.5959
0.8910
0.3594
0.8518
0.4670
0.9210
0.2693
0.7281
0.7325
0.7249
0.7378
0.7157
0.7528
0.6886
0.7934
0.6064
0.8831
0.3819
0.8734
0.4091
0.8944
0.3494
0.8410
0.4947
0.9249
0.2570
0.7065
0.7671
0.6609
0.8292
0.5241
0.9228
0.2634
0.7179
0.7493
0.6951
0.7842
0.6262
0.8660
0.4292
0.9065
0.3137
0.7966
0.5995
0.8883
0.3670
0.8596
0.4466
0.9145
0.2894
0.7609
0.6731
0.8142
0.5598
0.9118
0.2976
0.7734
0.6484
0.8435
0.4884
0.9245
0.2583
0.7088
0.7637
0.6677
0.8210
0.5438
0.9179
0.2788
0.7440
0.7047
0.7700
0.6552
0.8359
0.5076
0.9248
0.2574
0.7072
0.7662
0.6628
0.8269
0.5296
0.9218
0.2668
0.7238
0.7396
0.7125
0.7579
0.6789
0.8065
0.5773
0.9029
0.3245
0.8110
0.5671
0.9083
0.3081
0.7888
0.6164
0.8748
0.4051
0.8917
0.3573
0.8497
0.4726
0.9222
0.2654
0.7213
0.7438
0.7051
0.7693
0.6567
0.8342
0.5119
0.9245
0.2583
0.7089
0.7636
0.6680
0.8206
0.5448
0.9176
0.2798
0.7456
0.7018
0.7743
0.6467
0.8454
0.4837
0.9240
0.2598
0.7115
0.7595
0.6758
0.8106
0.5680
0.9079
0.3095
0.7907
0.6124
0.8783
0.3956
0.8847
0.3774
0.8694
0.4200
0.9013
0.3290
0.8168
0.5536
0.9144
0.2896
0.7613
0.6724
0.8150
0.5579
0.9126
0.2951
0.7697
0.6559
0.8350
0.5097
0.9247
0.2578
0.7079
0.7650
0.6651
0.8242
0.5362
0.9201
0.2719
0.7324
0.7251
0.7375
0.7163
0.7520
0.6901
0.7913
0.6111
0.8793
0.3926
0.8823
0.3842
0.8754
0.4037
0.8907
0.3602
0.8527
0.4647
0.9204
0.2711
0.7311
0.7273
0.7338
0.7228
0.7414
0.7095
0.7627
0.6697
0.8184
0.5499
0.9158
0.2854
0.7546
0.6852
0.7981
0.5963
0.8907
0.3602
0.8527
0.4648
0.9204
0.2710
0.7310
0.7275
0.7335
0.7233
0.7405
0.7110
0.7603
0.6743
0.8126
0.5634
0.9101
0.3026
0.7809
0.6331
0.8594
0.4470
0.9146
0.2890
0.7603
0.6743
0.8125
0.5636
0.9100
0.3029
0.7812
0.6324
0.8602
0.4450
0.9138
0.2914
0.7640
0.6671
0.8217
0.5420
0.9185
0.2770
0.7411
0.7100
0.7619
0.6713
0.8165
0.5544
0.9140
0.2907
0.7630
0.6691
0.8191
0.5482
0.9164
0.2834
0.7514
0.6911
0.7898
0.6142
0.8767
0.3999
0.8879
0.3682
0.8607
0.4436
0.9132
0.2932
0.7668
0.6616
0.8283
0.5261
0.9225
0.2646
0.7200
0.7460
0.7012
0.7752
0.6447
0.8475
0.4781
0.9232
0.2623
0.7159
0.7526
0.6890
0.7929
0.6076
0.8821
0.3847
0.8758
0.4024
0.8898
0.3629
0.8555
0.4574
0.9183
0.2776
0.7420
0.7083
0.7645
0.6662
0.8227
0.5396
0.9192
0.2748
0.7374
0.7165
0.7515
0.6910
0.7900
0.6137
0.8771
0.3987
0.8870
0.3707
0.8632
0.4370
0.9103
0.3021
0.7800
0.6348
0.8577
0.4515
0.9163
0.2838
0.7521
0.6899
0.7915
0.6106
0.8798
0.3914
0.8814
0.3869
0.8777
0.3973
0.8859
0.3739
0.8662
0.4289
0.9063
0.3142
0.7972
0.5981
0.8894
0.3640
0.8566
0.4545
0.9173
0.2806
0.7468
0.6996
0.7776
0.6398
0.8527
0.4648
0.9204
0.2711
0.7311
0.7275
0.7336
0.7232
0.7408
0.7105
0.7610
0.6730
0.8143
0.5595
0.9119
0.2972
0.7729
0.6495
0.8423
0.4916
0.9247
0.2575
0.7074
0.7658
0.6636
0.8259
0.5319
0.9212
0.2685
0.7267
0.7348
0.7210
0.7443
0.7041
0.7708
0.6536
0.8377
0.5032
0.9250
0.2568
0.7062
0.7677
0.6598
0.8305
0.5208
0.9234
0.2617
0.7149
0.7542
0.6860
0.7970
0.5985
0.8891
0.3649
0.8575
0.4522
0.9165
0.2830
0.7508
0.6922
0.7883
0.6175
0.8739
0.4077
0.8934
0.3522
0.8442
0.4866
0.9243
0.2588
0.7097
0.7623
0.6704
0.8175
0.5520
0.9150
0.2878
0.7584
0.6780
0.8077
0.5746
0.9044
0.3199
0.8050
0.5809
0.9008
0.3306
0.8188
0.5488
0.9162
0.2842
0.7526
0.6888
0.7930
0.6073
0.8824
0.3839
0.8751
0.4044
0.8912
0.3588
0.8512
0.4685
0.9213
0.2682
0.7261
0.7358
0.7193
0.7470
0.6992
0.7781
0.6388
0.8537
0.4621
0.9197
0.2733
0.7348
0.7210
0.7442
0.7043
0.7706
0.6541
0.8371
0.5046
0.9249
0.2569
0.7064
0.7674
0.6605
0.8297
0.5228
0.9231
0.2627
0.7166
0.7513
0.6913
0.7896
0.6146
0.8764
0.4008
0.8886
0.3662
0.8588
0.4487
0.9153
0.2870
0.7571
0.6805
0.8045
0.5820
0.9001
0.3326
0.8213
0.5430
0.9182
0.2780
0.7426
0.7072
0.7662
0.6628
0.8270
0.5294
0.9218
0.2667
0.7236
0.7400
0.7119
0.7589
0.6770
0.8090
0.5716
0.9060
0.3150
0.7984
0.5955
0.8912
0.3587
0.8511
0.4689
0.9214
0.2679
0.7256
0.7366
0.7178
0.7494
0.6948
0.7846
0.6254
0.8668
0.4272
0.9054
0.3170
0.8011
0.5896
0.8953
0.3468
0.8381
0.5019
0.9250
0.2567
0.7060
0.7679
0.6594
0.8310
0.5196
0.9236
0.2611
0.7139
0.7557
0.6831
0.8010
0.5899
0.8951
0.3474
0.8388
0.5002
0.9250
0.2567
0.7060
0.7681
0.6591
0.8313
0.5189
0.9237
0.2608
0.7134
0.7565
0.6815
0.8031
0.5851
0.8982
0.3383
0.8283
0.5263
0.9224
0.2647
0.7201
0.7457
0.7016
0.7746
0.6460
0.8462
0.4816
0.9238
0.2606
0.7130
0.7572
0.6802
0.8048
0.5813
0.9006
0.3314
0.8198
0.5467
0.9169
0.2818
0.7488
0.6959
0.7830
0.6286
0.8638
0.4353
0.9095
0.3045
0.7837
0.6273
0.8650
0.4320
0.9079
0.3094
0.7907
0.6124
0.8782
0.3957
0.8847
0.3773
0.8693
0.4203
0.9015
0.3285
0.8162
0.5550
0.9138
0.2914
0.7640
0.6671
0.8217
0.5421
0.9184
0.2772
0.7413
0.7095
0.7626
0.6699
0.8183
0.5502
0.9157
0.2857
0.7552
0.6841
0.7996
0.5930
0.8930
0.3535
0.8455
0.4832
0.9240
0.2600
0.7118
0.7590
0.6768
0.8094
0.5709
0.9064
0.3138
0.7968
0.5991
0.8886
0.3662
0.8587
0.4489
0.9153
0.2867
0.7567
0.6811
0.8036
0.5839
0.8990
0.3361
0.8256
0.5328
0.9210
0.2692
0.7279
0.7329
0.7243
0.7389
0.7139
0.7557
0.6831
0.8009
0.5899
0.8951
0.3474
0.8389
0.5001
0.9250
0.2567
0.7060
0.7681
0.6591
0.8313
0.5189
0.9237
0.2608
0.7134
0.7565
0.6815
0.8031
0.5851
0.8982
0.3382
0.8282
0.5265
0.9224
0.2648
0.7204
0.7453
0.7024
0.7734
0.6485
0.8434
0.4886
0.9245
0.2582
0.7087
0.7639
0.6674
0.8214
0.5429
0.9182
0.2779
0.7425
0.7074
0.7659
0.6634
0.8263
0.5312
0.9214
0.2679
0.7257
0.7364
0.7182
0.7489
0.6958
0.7832
0.6282
0.8642
0.4343
0.9090
0.3060
0.7857
0.6230
0.8690
0.4211
0.9020
0.3271
0.8144
0.5592
0.9120
0.2969
0.7724
0.6505
0.8412
0.4942
0.9249
0.2571
0.7067
0.7670
0.6613
0.8287
0.5252
0.9227
0.2640
0.7190
0.7476
0.6982
0.7796
0.6356
0.8569
0.4536
0.9171
0.2815
0.7483
0.6969
0.7815
0.6318
0.8608
0.4435
0.9132
0.2934
0.7670
0.6612
0.8289
0.5249
0.9227
0.2639
0.7187
0.7481
0.6973
0.7809
0.6330
0.8596
0.4467
0.9145
0.2894
0.7609
0.6732
0.8140
0.5601
0.9116
0.2981
0.7741
0.6469
0.8451
0.4843
0.9241
0.2595
0.7111
0.7602
0.6745
0.8123
0.5642
0.9098
0.3037
0.7825
0.6298
0.8627
0.4383
0.9109
0.3003
0.7774
0.6402
0.8523
0.4658
0.9207
0.2702
0.7297
0.7299
0.7295
0.7301
0.7291
0.7308
0.7278
0.7329
0.7242
0.7390
0.7137
0.7560
0.6825
0.8018
0.5881
0.8963
0.3439
0.8349
0.5100
0.9246
0.2579
0.7081
0.7648
0.6655
0.8236
0.5374
0.9198
0.2729
0.7342
0.7221
0.7425
0.7075
0.7657
0.6637
0.8258
0.5322
0.9212
0.2687
0.7270
0.7343
0.7219
0.7429
0.7067
0.7669
0.6615
0.8285
0.5257
0.9226
0.2644
0.7196
0.7466
0.6999
0.7771
0.6408
0.8516
0.4675
0.9211
0.2689
0.7274
0.7337
0.7229
0.7412
0.7098
0.7621
0.6708
0.8170
0.5531
0.9145
0.2892
0.7605
0.6739
0.8131
0.5622
0.9107
0.3010
0.7785
0.6380
0.8545
0.4601
0.9191
0.2751
0.7379
0.7156
0.7530
0.6881
0.7941
0.6051
0.8842
0.3790
0.8708
0.4163
0.8991
0.3357
0.8251
0.5338
0.9208
0.2700
0.7292
0.7306
0.7282
0.7324
0.7252
0.7373
0.7166
0.7515
0.6910
0.7900
0.6138
0.8771
0.3990
0.8872
0.3702
0.8627
0.4383
0.9109
0.3002
0.7773
0.6404
0.8521
0.4664
0.9208
0.2698
0.7289
0.7312
0.7273
0.7339
0.7226
0.7416
0.7090
0.7634
0.6684
0.8201
0.5458
0.9172
0.2809
0.7474
0.6986
0.7791
0.6368
0.8558
0.4567
0.9181
0.2783
0.7432
0.7062
0.7676
0.6599
0.8303
0.5212
0.9233
0.2619
0.7153
0.7535
0.6872
0.7954
0.6022
0.8863
0.3728
0.8651
0.4318
0.9078
0.3097
0.7910
0.6117
0.8789
0.3939
0.8834
0.3812
0.8728
0.4109
0.8956
0.3459
0.8371
0.5045
0.9249
0.2569
0.7064
0.7674
0.6604
0.8298
0.5226
0.9231
0.2626
0.7165
0.7515
0.6909
0.7901
0.6136
0.8773
0.3983
0.8867
0.3716
0.8640
0.4347
0.9092
0.3053
0.7848
0.6249
0.8673
0.4259
0.9047
0.3190
0.8038
0.5836
0.8992
0.3355
0.8249
0.5345
0.9206
0.2705
0.7301
0.7291
0.7308
0.7279
0.7327
0.7246
0.7384
0.7147
0.7544
0.6855
0.7977
0.5970
0.8902
0.3617
0.8543
0.4606
0.9193
0.2746
0.7370
0.7171
0.7506
0.6927
0.7876
0.6189
0.8727
0.4112
0.8958
0.3453
0.8365
0.5061
0.9249
0.2571
0.7067
0.7669
0.6615
0.8285
0.5257
0.9225
0.2644
0.7196
0.7466
0.7000
0.7770
0.6410
0.8514
0.4681
0.9212
0.2685
0.7267
0.7348
0.7210
0.7443
0.7043
0.7706
0.6540
0.8373
0.5041
0.9249
0.2569
0.7063
0.7675
0.6602
0.8300
0.5221
0.9232
0.2623
0.7160
0.7524
0.6894
0.7923
0.6088
0.8812
0.3874
0.8781
0.3961
0.8851
0.3764
0.8685
0.4227
0.9029
0.3245
0.8110
0.5671
0.9084
0.3080
0.7886
0.6167
0.8746
0.4059
0.8922
0.3558
0.8480
0.4768
0.9230
0.2629
0.7171
0.7507
0.6925
0.7879
0.6183
0.8732
0.4097
0.8948
0.3483
0.8399
0.4977
0.9250
0.2568
0.7061
0.7679
0.6595
0.8309
0.5199
0.9235
0.2613
0.7142
0.7553
0.6839
0.7999
0.5923
0.8935
0.3521
0.8441
0.4869
0.9244
0.2587
0.7095
0.7626
0.6699
0.8182
0.5505
0.9156
0.2860
0.7555
0.6834
0.8006
0.5907
0.8946
0.3490
0.8406
0.4957
0.9249
0.2569
0.7063
0.7675
0.6603
0.8299
0.5223
0.9232
0.2624
0.7162
0.7521
0.6899
0.7916
0.6104
0.8799
0.3911
0.8811
0.3876
0.8783
0.3956
0.8847
0.3774
0.8694
0.4200
0.9013
0.3290
0.8169
0.5535
0.9144
0.2896
0.7612
0.6726
0.8148
0.5582
0.9124
0.2956
0.7704
0.6545
0.8367
0.5056
0.9249
0.2570
0.7066
0.7671
0.6611
0.8290
0.5246
0.9228
0.2637
0.7184
0.7485
0.6964
0.7822
0.6303
0.8622
0.4396
0.9115
0.2985
0.7748
0.6457
0.8465
0.4807
0.9236
0.2610
0.7136
0.7561
0.6823
0.8021
0.5874
0.8967
0.3426
0.8334
0.5138
0.9243
0.2589
0.7099
0.7620
0.6711
0.8167
0.5539
0.9143
0.2900
0.7619
0.6713
0.8164
0.5545
0.9140
0.2908
0.7631
0.6689
0.8194
0.5475
0.9166
0.2827
0.7503
0.6932
0.7870
0.6203
0.8714
0.4145
0.8980
0.3390
0.8291
0.5242
0.9228
0.2635
0.7181
0.7491
0.6955
0.7836
0.6274
0.8650
0.4321
0.9079
0.3092
0.7904
0.6131
0.8777
0.3971
0.8859
0.3741
0.8664
0.4283
0.9060
0.3151
0.7986
0.5952
0.8915
0.3579
0.8503
0.4709
0.9219
0.2665
0.7233
0.7405
0.7109
0.7604
0.6741
0.8129
0.5629
0.9104
0.3019
0.7798
0.6354
0.8571
0.4531
0.9169
0.2820
0.7492
0.6952
0.7841
0.6264
0.8659
0.4296
0.9067
0.3131
0.7957
0.6015
0.8869
0.3712
0.8636
0.4359
0.9098
0.3037
0.7824
0.6300
0.8625
0.4388
0.9111
0.2995
0.7763
0.6425
0.8499
0.4721
0.9221
0.2657
0.7219
0.7428
0.7069
0.7666
0.6621
0.8278
0.5275
0.9222
0.2655
0.7215
0.7435
0.7056
0.7686
0.6580
0.8326
0.5156
0.9241
0.2595
0.7110
0.7603
0.6744
0.8125
0.5637
0.9100
0.3030
0.7814
0.6320
0.8606
0.4440
0.9134
0.2927
0.7660
0.6632
0.8264
0.5308
0.9215
0.2677
0.7253
0.7372
0.7169
0.7509
0.6920
0.7886
0.6168
0.8745
0.4061
0.8924
0.3554
0.8476
0.4779
0.9232
0.2623
0.7160
0.7523
0.6894
0.7923
0.6089
0.8811
0.3876
0.8782
0.3957
0.8847
0.3773
0.8693
0.4203
0.9015
0.3286
0.8163
0.5549
0.9139
0.2912
0.7638
0.6676
0.8211
0.5436
0.9180
0.2786
0.7437
0.7053
0.7691
0.6571
0.8337
0.5130
0.9244
0.2586
0.7095
0.7627
0.6697
0.8184
0.5498
0.9158
0.2853
0.7544
0.6856
0.7976
0.5974
0.8899
0.3625
0.8550
0.4586
0.9187
0.2764
0.7401
0.7117
0.7592
0.6765
0.8097
0.5701
0.9068
0.3126
0.7950
0.6030
0.8858
0.3743
0.8666
0.4278
0.9057
0.3160
0.7997
0.5926
0.8932
0.3528
0.8448
0.4850
0.9242
0.2593
0.7106
0.7608
0.6733
0.8139
0.5604
0.9115
0.2985
0.7747
0.6458
0.8464
0.4810
0.9237
0.2609
0.7134
0.7565
0.6816
0.8030
0.5853
0.8980
0.3388
0.8288
0.5250
0.9227
0.2639
0.7188
0.7479
0.6976
0.7805
0.6340
0.8586
0.4492
0.9155
0.2864
0.7561
0.6823
0.8020
0.5875
0.8967
0.3428
0.8335
0.5134
0.9243
0.2588
0.7097
0.7623
0.6704
0.8175
0.5519
0.9150
0.2877
0.7582
0.6784
0.8073
0.5756
0.9038
0.3216
0.8072
0.5758
0.9037
0.3219
0.8076
0.5749
0.9043
0.3204
0.8056
0.5795
0.9016
0.3282
0.8158
0.5561
0.9134
0.2928
0.7662
0.6629
0.8269
0.5297
0.9217
0.2669
0.7239
0.7394
0.7129
0.7573
0.6800
0.8051
0.5806
0.9010
0.3301
0.8182
0.5504
0.9156
0.2859
0.7554
0.6837
0.8001
0.5917
0.8939
0.3510
0.8428
0.4901
0.9246
0.2578
0.7080
0.7649
0.6653
0.8239
0.5368
0.9200
0.2724
0.7333
0.7237
0.7399
0.7121
0.7586
0.6776
0.8083
0.5734
0.9051
0.3179
0.8024
0.5868
0.8971
0.3414
0.8319
0.5173
0.9239
0.2602
0.7122
0.7584
0.6779
0.8079
0.5743
0.9046
0.3194
0.8044
0.5823
0.9000
0.3331
0.8219
0.5415
0.9186
0.2766
0.7403
0.7113
0.7598
0.6753
0.8113
0.5665
0.9086
0.3072
0.7875
0.6192
0.8724
0.4117
0.8962
0.3442
0.8352
0.5092
0.9247
0.2577
0.7077
0.7654
0.6644
0.8249
0.5343
0.9206
0.2703
0.7298
0.7295
0.7300
0.7292
0.7306
0.7282
0.7324
0.7252
0.7373
0.7166
0.7514
0.6912
0.7897
0.6145
0.8765
0.4005
0.8884
0.3670
0.8595
0.4468
0.9145
0.2893
0.7607
0.6736
0.8135
0.5614
0.9111
0.2998
0.7767
0.6418
0.8506
0.4702
0.9217
0.2670
0.7241
