matrix
3 4
3.0 5.0 2.0  8.0
0.0 8.0 2.0 -7.0
6.0 2.0 8.0  26
matrix
3 4
4.0 2.0 14.0 14.0  
2.0 17.0 -5.0 -101
14.0 -5.0 83.0 155
matrix
4 5
0.18 0.60 0.57 0.96 1.0
0.41 0.24 0.99 0.58 2.0
0.14 0.30 0.97 0.66 3.0
0.51 0.13 0.19 0.85 4.0
matrix
5 6
1.0 2.0 3.0 4.0 5.0 1.0
2.0 3.0 4.0 5.0 1.0 1.0
3.0 4.0 5.0 1.0 2.0 1.0
4.0 5.0 1.0 2.0 3.0 1.0
5.0 1.0 2.0 3.0 4.0 1.0
matrix
5 7
1.0 2.0 3.0 4.0 5.0 1.0 1.0
2.0 3.0 4.0 5.0 1.0 1.0 2.0
3.0 4.0 5.0 1.0 2.0 1.0 3.0
4.0 5.0 1.0 2.0 3.0 1.0 4.0
5.0 1.0 2.0 3.0 4.0 1.0 5.0
